00000000000000000000000000000000000000000000000000000000111111110000000000000000000000000000000000000000000000000000000011111111000000000000000000000000000000000000000000000000000000001111111100000000000000000000000000000000000000000000000000000000111111110000000000000000000000000000000000000000000000000000000011111111000000000000000000000000000000000000000000000000000000001111111100000000000000000000000000000000000000000000000000000000111111110000000000000000000000000000000000000000000000000000000011111111
00000000000000000000000000000000000000000000000011111111111111110000000000000000000000000000000000000000000000001111111111111111000000000000000000000000000000000000000000000000111111111111111100000000000000000000000000000000000000000000000011111111111111110000000000000000000000000000000000000000000000001111111111111111000000000000000000000000000000000000000000000000111111111111111100000000000000000000000000000000000000000000000011111111111111110000000000000000000000000000000000000000000000001111111111111111
00000000000000000000000000000000000000001111111111111111111111110000000000000000000000000000000000000000111111111111111111111111000000000000000000000000000000000000000011111111111111111111111100000000000000000000000000000000000000001111111111111111111111110000000000000000000000000000000000000000111111111111111111111111000000000000000000000000000000000000000011111111111111111111111100000000000000000000000000000000000000001111111111111111111111110000000000000000000000000000000000000000111111111111111111111111
00000000000000000000000000000000111111111111111111111111111111110000000000000000000000000000000011111111111111111111111111111111000000000000000000000000000000001111111111111111111111111111111100000000000000000000000000000000111111111111111111111111111111110000000000000000000000000000000011111111111111111111111111111111000000000000000000000000000000001111111111111111111111111111111100000000000000000000000000000000111111111111111111111111111111110000000000000000000000000000000011111111111111111111111111111111
00000000000000000000000011111111111111111111111111111111111111110000000000000000000000001111111111111111111111111111111111111111000000000000000000000000111111111111111111111111111111111111111100000000000000000000000011111111111111111111111111111111111111110000000000000000000000001111111111111111111111111111111111111111000000000000000000000000111111111111111111111111111111111111111100000000000000000000000011111111111111111111111111111111111111110000000000000000000000001111111111111111111111111111111111111111
00000000000000001111111111111111111111111111111111111111111111110000000000000000111111111111111111111111111111111111111111111111000000000000000011111111111111111111111111111111111111111111111100000000000000001111111111111111111111111111111111111111111111110000000000000000111111111111111111111111111111111111111111111111000000000000000011111111111111111111111111111111111111111111111100000000000000001111111111111111111111111111111111111111111111110000000000000000111111111111111111111111111111111111111111111111
00000000111111111111111111111111111111111111111111111111111111110000000011111111111111111111111111111111111111111111111111111111000000001111111111111111111111111111111111111111111111111111111100000000111111111111111111111111111111111111111111111111111111110000000011111111111111111111111111111111111111111111111111111111000000001111111111111111111111111111111111111111111111111111111100000000111111111111111111111111111111111111111111111111111111110000000011111111111111111111111111111111111111111111111111111111
11111111111111111111111111111111111111111111111111111111111111111111111111111111111111111111111111111111111111111111111111111111111111111111111111111111111111111111111111111111111111111111111111111111111111111111111111111111111111111111111111111111111111111111111111111111111111111111111111111111111111111111111111111111111111111111111111111111111111111111111111111111111111111111111111111111111111111111111111111111111111111111111111111111111111111111111111111111111111111111111111111111111111111111111111111111
11111111111111111111111111111111111111111111111111111111000000001111111111111111111111111111111111111111111111111111111100000000111111111111111111111111111111111111111111111111111111110000000011111111111111111111111111111111111111111111111111111111000000001111111111111111111111111111111111111111111111111111111100000000111111111111111111111111111111111111111111111111111111110000000011111111111111111111111111111111111111111111111111111111000000001111111111111111111111111111111111111111111111111111111100000000
11111111111111111111111111111111111111111111111100000000000000001111111111111111111111111111111111111111111111110000000000000000111111111111111111111111111111111111111111111111000000000000000011111111111111111111111111111111111111111111111100000000000000001111111111111111111111111111111111111111111111110000000000000000111111111111111111111111111111111111111111111111000000000000000011111111111111111111111111111111111111111111111100000000000000001111111111111111111111111111111111111111111111110000000000000000
11111111111111111111111111111111111111110000000000000000000000001111111111111111111111111111111111111111000000000000000000000000111111111111111111111111111111111111111100000000000000000000000011111111111111111111111111111111111111110000000000000000000000001111111111111111111111111111111111111111000000000000000000000000111111111111111111111111111111111111111100000000000000000000000011111111111111111111111111111111111111110000000000000000000000001111111111111111111111111111111111111111000000000000000000000000
11111111111111111111111111111111000000000000000000000000000000001111111111111111111111111111111100000000000000000000000000000000111111111111111111111111111111110000000000000000000000000000000011111111111111111111111111111111000000000000000000000000000000001111111111111111111111111111111100000000000000000000000000000000111111111111111111111111111111110000000000000000000000000000000011111111111111111111111111111111000000000000000000000000000000001111111111111111111111111111111100000000000000000000000000000000
11111111111111111111111100000000000000000000000000000000000000001111111111111111111111110000000000000000000000000000000000000000111111111111111111111111000000000000000000000000000000000000000011111111111111111111111100000000000000000000000000000000000000001111111111111111111111110000000000000000000000000000000000000000111111111111111111111111000000000000000000000000000000000000000011111111111111111111111100000000000000000000000000000000000000001111111111111111111111110000000000000000000000000000000000000000
11111111111111110000000000000000000000000000000000000000000000001111111111111111000000000000000000000000000000000000000000000000111111111111111100000000000000000000000000000000000000000000000011111111111111110000000000000000000000000000000000000000000000001111111111111111000000000000000000000000000000000000000000000000111111111111111100000000000000000000000000000000000000000000000011111111111111110000000000000000000000000000000000000000000000001111111111111111000000000000000000000000000000000000000000000000
11111111000000000000000000000000000000000000000000000000000000001111111100000000000000000000000000000000000000000000000000000000111111110000000000000000000000000000000000000000000000000000000011111111000000000000000000000000000000000000000000000000000000001111111100000000000000000000000000000000000000000000000000000000111111110000000000000000000000000000000000000000000000000000000011111111000000000000000000000000000000000000000000000000000000001111111100000000000000000000000000000000000000000000000000000000
11111110000000010000000000000000000000000000000000000000000000001111111000000001000000000000000000000000000000000000000000000000111111100000000100000000000000000000000000000000000000000000000011111110000000010000000000000000000000000000000000000000000000001111111000000001000000000000000000000000000000000000000000000000111111100000000100000000000000000000000000000000000000000000000011111110000000010000000000000000000000000000000000000000000000001111111000000001000000000000000000000000000000000000000000000000
11111100000000100000000100000000000000000000000000000000000000001111110000000010000000010000000000000000000000000000000000000000111111000000001000000001000000000000000000000000000000000000000011111100000000100000000100000000000000000000000000000000000000001111110000000010000000010000000000000000000000000000000000000000111111000000001000000001000000000000000000000000000000000000000011111100000000100000000100000000000000000000000000000000000000001111110000000010000000010000000000000000000000000000000000000000
11110000000010000000010000000010000000010000000000000000000000001111000000001000000001000000001000000001000000000000000000000000111100000000100000000100000000100000000100000000000000000000000011110000000010000000010000000010000000010000000000000000000000001111000000001000000001000000001000000001000000000000000000000000111100000000100000000100000000100000000100000000000000000000000011110000000010000000010000000010000000010000000000000000000000001111000000001000000001000000001000000001000000000000000000000000
11100000000100000000100000000100000000100000000100000000000000001110000000010000000010000000010000000010000000010000000000000000111000000001000000001000000001000000001000000001000000000000000011100000000100000000100000000100000000100000000100000000000000001110000000010000000010000000010000000010000000010000000000000000111000000001000000001000000001000000001000000001000000000000000011100000000100000000100000000100000000100000000100000000000000001110000000010000000010000000010000000010000000010000000000000000
11000000001000000001000000001000000001000000001000000001000000001100000000100000000100000000100000000100000000100000000100000000110000000010000000010000000010000000010000000010000000010000000011000000001000000001000000001000000001000000001000000001000000001100000000100000000100000000100000000100000000100000000100000000110000000010000000010000000010000000010000000010000000010000000011000000001000000001000000001000000001000000001000000001000000001100000000100000000100000000100000000100000000100000000100000000
10000000010000000010000000010000000010000000010000000010000000011000000001000000001000000001000000001000000001000000001000000001100000000100000000100000000100000000100000000100000000100000000110000000010000000010000000010000000010000000010000000010000000011000000001000000001000000001000000001000000001000000001000000001100000000100000000100000000100000000100000000100000000100000000110000000010000000010000000010000000010000000010000000010000000011000000001000000001000000001000000001000000001000000001000000001
11100000000100000001000000001000000001000000001000000010000000011110000000010000000100000000100000000100000000100000001000000001111000000001000000010000000010000000010000000010000000100000000111100000000100000001000000001000000001000000001000000010000000011110000000010000000100000000100000000100000000100000001000000001111000000001000000010000000010000000010000000010000000100000000111100000000100000001000000001000000001000000001000000010000000011110000000010000000100000000100000000100000000100000001000000001
00110000000100000000100000000100000000100000001000000001000000010011000000010000000010000000010000000010000000100000000100000001001100000001000000001000000001000000001000000010000000010000000100110000000100000000100000000100000000100000001000000001000000010011000000010000000010000000010000000010000000100000000100000001001100000001000000001000000001000000001000000010000000010000000100110000000100000000100000000100000000100000001000000001000000010011000000010000000010000000010000000010000000100000000100000001
00010000000010000000110000000110000000100000000100000001000000010001000000001000000011000000011000000010000000010000000100000001000100000000100000001100000001100000001000000001000000010000000100010000000010000000110000000110000000100000000100000001000000010001000000001000000011000000011000000010000000010000000100000001000100000000100000001100000001100000001000000001000000010000000100010000000010000000110000000110000000100000000100000001000000010001000000001000000011000000011000000010000000010000000100000001
00001000000011000000011000000010000000010000000100000001000000010000100000001100000001100000001000000001000000010000000100000001000010000000110000000110000000100000000100000001000000010000000100001000000011000000011000000010000000010000000100000001000000010000100000001100000001100000001000000001000000010000000100000001000010000000110000000110000000100000000100000001000000010000000100001000000011000000011000000010000000010000000100000001000000010000100000001100000001100000001000000001000000010000000100000001
00000100000001100000001100000001000000010000000100000001000000010000010000000110000000110000000100000001000000010000000100000001000001000000011000000011000000010000000100000001000000010000000100000100000001100000001100000001000000010000000100000001000000010000010000000110000000110000000100000001000000010000000100000001000001000000011000000011000000010000000100000001000000010000000100000100000001100000001100000001000000010000000100000001000000010000010000000110000000110000000100000001000000010000000100000001
00000110000000110000000100000001000000010000000100000001000000010000011000000011000000010000000100000001000000010000000100000001000001100000001100000001000000010000000100000001000000010000000100000110000000110000000100000001000000010000000100000001000000010000011000000011000000010000000100000001000000010000000100000001000001100000001100000001000000010000000100000001000000010000000100000110000000110000000100000001000000010000000100000001000000010000011000000011000000010000000100000001000000010000000100000001
00000001000000010000000100000001000000010000000100000001000000010000000100000001000000010000000100000001000000010000000100000001000000010000000100000001000000010000000100000001000000010000000100000001000000010000000100000001000000010000000100000001000000010000000100000001000000010000000100000001000000010000000100000001000000010000000100000001000000010000000100000001000000010000000100000001000000010000000100000001000000010000000100000001000000010000000100000001000000010000000100000001000000010000000100000001
00000010000000100000001000000010000000100000001000000010000000100000001000000010000000100000001000000010000000100000001000000010000000100000001000000010000000100000001000000010000000100000001000000010000000100000001000000010000000100000001000000010000000100000001000000010000000100000001000000010000000100000001000000010000000100000001000000010000000100000001000000010000000100000001000000010000000100000001000000010000000100000001000000010000000100000001000000010000000100000001000000010000000100000001000000010
00000100000001000000010000000100000001000000010000000100000001000000010000000100000001000000010000000100000001000000010000000100000001000000010000000100000001000000010000000100000001000000010000000100000001000000010000000100000001000000010000000100000001000000010000000100000001000000010000000100000001000000010000000100000001000000010000000100000001000000010000000100000001000000010000000100000001000000010000000100000001000000010000000100000001000000010000000100000001000000010000000100000001000000010000000100
00001000000010000000100000001000000010000000100000001000000010000000100000001000000010000000100000001000000010000000100000001000000010000000100000001000000010000000100000001000000010000000100000001000000010000000100000001000000010000000100000001000000010000000100000001000000010000000100000001000000010000000100000001000000010000000100000001000000010000000100000001000000010000000100000001000000010000000100000001000000010000000100000001000000010000000100000001000000010000000100000001000000010000000100000001000
00010000000100000001000000010000000100000001000000010000000100000001000000010000000100000001000000010000000100000001000000010000000100000001000000010000000100000001000000010000000100000001000000010000000100000001000000010000000100000001000000010000000100000001000000010000000100000001000000010000000100000001000000010000000100000001000000010000000100000001000000010000000100000001000000010000000100000001000000010000000100000001000000010000000100000001000000010000000100000001000000010000000100000001000000010000
00100000001000000010000000100000001000000010000000100000001000000010000000100000001000000010000000100000001000000010000000100000001000000010000000100000001000000010000000100000001000000010000000100000001000000010000000100000001000000010000000100000001000000010000000100000001000000010000000100000001000000010000000100000001000000010000000100000001000000010000000100000001000000010000000100000001000000010000000100000001000000010000000100000001000000010000000100000001000000010000000100000001000000010000000100000
01000000010000000100000001000000010000000100000001000000010000000100000001000000010000000100000001000000010000000100000001000000010000000100000001000000010000000100000001000000010000000100000001000000010000000100000001000000010000000100000001000000010000000100000001000000010000000100000001000000010000000100000001000000010000000100000001000000010000000100000001000000010000000100000001000000010000000100000001000000010000000100000001000000010000000100000001000000010000000100000001000000010000000100000001000000
10000000100000001000000010000000100000001000000010000000100000001000000010000000100000001000000010000000100000001000000010000000100000001000000010000000100000001000000010000000100000001000000010000000100000001000000010000000100000001000000010000000100000001000000010000000100000001000000010000000100000001000000010000000100000001000000010000000100000001000000010000000100000001000000010000000100000001000000010000000100000001000000010000000100000001000000010000000100000001000000010000000100000001000000010000000
10000000100000001000000010000000100000001000000010000000100000001000000010000000100000001000000010000000100000001000000010000000100000001000000010000000100000001000000010000000100000001000000010000000100000001000000010000000100000001000000010000000100000001000000010000000100000001000000010000000100000001000000010000000100000001000000010000000100000001000000010000000100000001000000010000000100000001000000010000000100000001000000010000000100000001000000010000000100000001000000010000000100000001000000010000000
10000000100000001000000010000000100000001000000010000000100000001000000010000000100000001000000010000000100000001000000010000000100000001000000010000000100000001000000010000000100000001000000010000000100000001000000010000000100000001000000010000000100000001000000010000000100000001000000010000000100000001000000010000000100000001000000010000000100000001000000010000000100000001000000010000000100000001000000010000000100000001000000010000000100000001000000010000000100000001000000010000000100000001000000010000000
10000000100000001000000010000000100000001000000010000000100000001000000010000000100000001000000010000000100000001000000010000000100000001000000010000000100000001000000010000000100000001000000010000000100000001000000010000000100000001000000010000000100000001000000010000000100000001000000010000000100000001000000010000000100000001000000010000000100000001000000010000000100000001000000010000000100000001000000010000000100000001000000010000000100000001000000010000000100000001000000010000000100000001000000010000000
10000000100000001000000010000000100000001000000010000000100000001000000010000000100000001000000010000000100000001000000010000000100000001000000010000000100000001000000010000000100000001000000010000000100000001000000010000000100000001000000010000000100000001000000010000000100000001000000010000000100000001000000010000000100000001000000010000000100000001000000010000000100000001000000010000000100000001000000010000000100000001000000010000000100000001000000010000000100000001000000010000000100000001000000010000000
