10000000000000000000000000000000000000000000000000000000100000001000000000000000000000000000000000000000000000000000000010000000100000000000000000000000000000000000000000000000000000001000000010000000000000000000000000000000000000000000000000000000100000001000000000000000000000000000000000000000000000000000000010000000100000000000000000000000000000000000000000000000000000001000000010000000000000000000000000000000000000000000000000000000100000001000000000000000000000000000000000000000000000000000000010000000
10000001000000000000000000000000000000000000000000000000100000011000000000000000000000000000000000000000000000000000000010000000100000000000000000000000000000000000000000000000000000001000000010000000000000000000000000000000000000000000000000000000100000001000000000000000000000000000000000000000000000000000000010000000100000000000000000000000000000000000000000000000000000001000000010000000000000000000000000000000000000000000000000000000100000001000000000000000000000000000000000000000000000000000000010000000
10000001000000000000000000000000000000000000000000000000100000011000000100000000000000000000000000000000000000000000000010000001100000000000000000000000000000000000000000000000000000001000000010000000000000000000000000000000000000000000000000000000100000001000000000000000000000000000000000000000000000000000000010000000100000000000000000000000000000000000000000000000000000001000000010000000000000000000000000000000000000000000000000000000100000001000000000000000000000000000000000000000000000000000000010000000
10000001000000000000000000000000000000000000000000000000100000011000000100000000000000000000000000000000000000000000000010000001100000010000000000000000000000000000000000000000000000001000000110000000000000000000000000000000000000000000000000000000100000001000000000000000000000000000000000000000000000000000000010000000100000000000000000000000000000000000000000000000000000001000000010000000000000000000000000000000000000000000000000000000100000001000000000000000000000000000000000000000000000000000000010000000
10000001000000000000000000000000000000000000000000000000100000011000000100000000000000000000000000000000000000000000000010000001100000010000000000000000000000000000000000000000000000001000000110000001000000000000000000000000000000000000000000000000100000011000000000000000000000000000000000000000000000000000000010000000100000000000000000000000000000000000000000000000000000001000000010000000000000000000000000000000000000000000000000000000100000001000000000000000000000000000000000000000000000000000000010000000
10000001000000000000000000000000000000000000000000000000100000011000000100000000000000000000000000000000000000000000000010000001100000010000000000000000000000000000000000000000000000001000000110000001000000000000000000000000000000000000000000000000100000011000000100000000000000000000000000000000000000000000000010000001100000000000000000000000000000000000000000000000000000001000000010000000000000000000000000000000000000000000000000000000100000001000000000000000000000000000000000000000000000000000000010000000
10000001000000000000000000000000000000000000000000000000100000011000000100000000000000000000000000000000000000000000000010000001100000010000000000000000000000000000000000000000000000001000000110000001000000000000000000000000000000000000000000000000100000011000000100000000000000000000000000000000000000000000000010000001100000010000000000000000000000000000000000000000000000001000000110000000000000000000000000000000000000000000000000000000100000001000000000000000000000000000000000000000000000000000000010000000
10000001000000000000000000000000000000000000000000000000100000011000000100000000000000000000000000000000000000000000000010000001100000010000000000000000000000000000000000000000000000001000000110000001000000000000000000000000000000000000000000000000100000011000000100000000000000000000000000000000000000000000000010000001100000010000000000000000000000000000000000000000000000001000000110000001000000000000000000000000000000000000000000000000100000011000000000000000000000000000000000000000000000000000000010000000
10000001000000000000000000000000000000000000000000000000100000011000000100000000000000000000000000000000000000000000000010000001100000010000000000000000000000000000000000000000000000001000000110000001000000000000000000000000000000000000000000000000100000011000000100000000000000000000000000000000000000000000000010000001100000010000000000000000000000000000000000000000000000001000000110000001000000000000000000000000000000000000000000000000100000011000000100000000000000000000000000000000000000000000000010000001
00000010100000000000000000000000000000000000000000000001010000000000001010000000000000000000000000000000000000000000000101000000000000101000000000000000000000000000000000000000000000010100000000000010100000000000000000000000000000000000000000000001010000000000001010000000000000000000000000000000000000000000000101000000000000101000000000000000000000000000000000000000000000010100000000000010100000000000000000000000000000000000000000000001010000000000001010000000000000000000000000000000000000000000000101000000
00000100000000001000000000000000000000000000000100000000001000000000010000000000100000000000000000000000000000010000000000100000000001000000000010000000000000000000000000000001000000000010000000000100000000001000000000000000000000000000000100000000001000000000010000000000100000000000000000000000000000010000000000100000000001000000000010000000000000000000000000000001000000000010000000000100000000001000000000000000000000000000000100000000001000000000010000000000100000000000000000000000000000010000000000100000
00001000000000000000000010000000000000010000000000000000000100000000100000000000000000001000000000000001000000000000000000010000000010000000000000000000100000000000000100000000000000000001000000001000000000000000000010000000000000010000000000000000000100000000100000000000000000001000000000000001000000000000000000010000000010000000000000000000100000000000000100000000000000000001000000001000000000000000000010000000000000010000000000000000000100000000100000000000000000001000000000000001000000000000000000010000
00010000000000000000000000000001100000000000000000000000000010000001000000000000000000000000000110000000000000000000000000001000000100000000000000000000000000011000000000000000000000000000100000010000000000000000000000000001100000000000000000000000000010000001000000000000000000000000000110000000000000000000000000001000000100000000000000000000000000011000000000000000000000000000100000010000000000000000000000000001100000000000000000000000000010000001000000000000000000000000000110000000000000000000000000001000
00100000000000000000000100000000000000001000000000000000000001000010000000000000000000010000000000000000100000000000000000000100001000000000000000000001000000000000000010000000000000000000010000100000000000000000000100000000000000001000000000000000000001000010000000000000000000010000000000000000100000000000000000000100001000000000000000000001000000000000000010000000000000000000010000100000000000000000000100000000000000001000000000000000000001000010000000000000000000010000000000000000100000000000000000000100
01000000000000010000000000000000000000000000000010000000000000100100000000000001000000000000000000000000000000001000000000000010010000000000000100000000000000000000000000000000100000000000001001000000000000010000000000000000000000000000000010000000000000100100000000000001000000000000000000000000000000001000000000000010010000000000000100000000000000000000000000000000100000000000001001000000000000010000000000000000000000000000000010000000000000100100000000000001000000000000000000000000000000001000000000000010
10000001000000000000000000000000000000000000000000000000100000011000000100000000000000000000000000000000000000000000000010000001100000010000000000000000000000000000000000000000000000001000000110000001000000000000000000000000000000000000000000000000100000011000000100000000000000000000000000000000000000000000000010000001100000010000000000000000000000000000000000000000000000001000000110000001000000000000000000000000000000000000000000000000100000011000000100000000000000000000000000000000000000000000000010000001
10000001000000000000000000000000000000000000000000000000100000011000000100000000000000000000000000000000000000000000000010000001100000010000000000000000000000000000000000000000000000001000000110000001000000000000000000000000000000000000000000000000100000011000000100000000000000000000000000000000000000000000000010000001100000010000000000000000000000000000000000000000000000001000000110000001000000000000000000000000000000000000000000000000100000010000000000000000000000000000000000000000000000000000000000000000
10000001000000000000000000000000000000000000000000000000100000011000000100000000000000000000000000000000000000000000000010000001100000010000000000000000000000000000000000000000000000001000000110000001000000000000000000000000000000000000000000000000100000011000000100000000000000000000000000000000000000000000000010000001100000010000000000000000000000000000000000000000000000001000000100000000000000000000000000000000000000000000000000000000000000000000000000000000000000000000000000000000000000000000000000000000
10000001000000000000000000000000000000000000000000000000100000011000000100000000000000000000000000000000000000000000000010000001100000010000000000000000000000000000000000000000000000001000000110000001000000000000000000000000000000000000000000000000100000011000000100000000000000000000000000000000000000000000000010000001000000000000000000000000000000000000000000000000000000000000000000000000000000000000000000000000000000000000000000000000000000000000000000000000000000000000000000000000000000000000000000000000
10000001000000000000000000000000000000000000000000000000100000011000000100000000000000000000000000000000000000000000000010000001100000010000000000000000000000000000000000000000000000001000000110000001000000000000000000000000000000000000000000000000100000010000000000000000000000000000000000000000000000000000000000000000000000000000000000000000000000000000000000000000000000000000000000000000000000000000000000000000000000000000000000000000000000000000000000000000000000000000000000000000000000000000000000000000
10000001000000000000000000000000000000000000000000000000100000011000000100000000000000000000000000000000000000000000000010000001100000010000000000000000000000000000000000000000000000001000000100000000000000000000000000000000000000000000000000000000000000000000000000000000000000000000000000000000000000000000000000000000000000000000000000000000000000000000000000000000000000000000000000000000000000000000000000000000000000000000000000000000000000000000000000000000000000000000000000000000000000000000000000000000
10000001000000000000000000000000000000000000000000000000100000011000000100000000000000000000000000000000000000000000000010000001000000000000000000000000000000000000000000000000000000000000000000000000000000000000000000000000000000000000000000000000000000000000000000000000000000000000000000000000000000000000000000000000000000000000000000000000000000000000000000000000000000000000000000000000000000000000000000000000000000000000000000000000000000000000000000000000000000000000000000000000000000000000000000000000
10000001000000000000000000000000000000000000000000000000100000010000000000000000000000000000000000000000000000000000000000000000000000000000000000000000000000000000000000000000000000000000000000000000000000000000000000000000000000000000000000000000000000000000000000000000000000000000000000000000000000000000000000000000000000000000000000000000000000000000000000000000000000000000000000000000000000000000000000000000000000000000000000000000000000000000000000000000000000000000000000000000000000000000000000000000
10000011100000000000000000000000000000000000000000000001110000010000000000000000000000000000000000000000000000000000000000000000000000000000000000000000000000000000000000000000000000000000000000000000000000000000000000000000000000000000000000000000000000000000000000000000000000000000000000000000000000000000000000000000000000000000000000000000000000000000000000000000000000000000000000000000000000000000000000000000000000000000000000000000000000000000000000000000000000000000000000000000000000000000000000000000
10000111100000001000000000000000000000000000000100000001111000010000000000000000000000000000000000000000000000000000000000000000000000000000000000000000000000000000000000000000000000000000000000000000000000000000000000000000000000000000000000000000000000000000000000000000000000000000000000000000000000000000000000000000000000000000000000000000000000000000000000000000000000000000000000000000000000000000000000000000000000000000000000000000000000000000000000000000000000000000000000000000000000000000000000000000
10001111100000001000000010000000000000010000000100000001111100010000000000000000000000000000000000000000000000000000000000000000000000000000000000000000000000000000000000000000000000000000000000000000000000000000000000000000000000000000000000000000000000000000000000000000000000000000000000000000000000000000000000000000000000000000000000000000000000000000000000000000000000000000000000000000000000000000000000000000000000000000000000000000000000000000000000000000000000000000000000000000000000000000000000000000
10011111100000001000000010000001100000010000000100000001111110010000000000000000000000000000000000000000000000000000000000000000000000000000000000000000000000000000000000000000000000000000000000000000000000000000000000000000000000000000000000000000000000000000000000000000000000000000000000000000000000000000000000000000000000000000000000000000000000000000000000000000000000000000000000000000000000000000000000000000000000000000000000000000000000000000000000000000000000000000000000000000000000000000000000000000
10111111100000001000000110000001100000011000000100000001111111010000000000000000000000000000000000000000000000000000000000000000000000000000000000000000000000000000000000000000000000000000000000000000000000000000000000000000000000000000000000000000000000000000000000000000000000000000000000000000000000000000000000000000000000000000000000000000000000000000000000000000000000000000000000000000000000000000000000000000000000000000000000000000000000000000000000000000000000000000000000000000000000000000000000000000
11111111100000011000000110000001100000011000000110000001111111110000000000000000000000000000000000000000000000000000000000000000000000000000000000000000000000000000000000000000000000000000000000000000000000000000000000000000000000000000000000000000000000000000000000000000000000000000000000000000000000000000000000000000000000000000000000000000000000000000000000000000000000000000000000000000000000000000000000000000000000000000000000000000000000000000000000000000000000000000000000000000000000000000000000000000
11111111100000011000000110000001100000011000000110000001111111111000000100000000000000000000000000000000000000000000000010000001000000000000000000000000000000000000000000000000000000000000000000000000000000000000000000000000000000000000000000000000000000000000000000000000000000000000000000000000000000000000000000000000000000000000000000000000000000000000000000000000000000000000000000000000000000000000000000000000000000000000000000000000000000000000000000000000000000000000000000000000000000000000000000000000
11111111100000011000000110000001100000011000000110000001111111111000000100000000000000000000000000000000000000000000000010000001100000010000000000000000000000000000000000000000000000001000000100000000000000000000000000000000000000000000000000000000000000000000000000000000000000000000000000000000000000000000000000000000000000000000000000000000000000000000000000000000000000000000000000000000000000000000000000000000000000000000000000000000000000000000000000000000000000000000000000000000000000000000000000000000
11111111100000011000000110000001100000011000000110000001111111111000000100000000000000000000000000000000000000000000000010000001100000010000000000000000000000000000000000000000000000001000000110000001000000000000000000000000000000000000000000000000100000010000000000000000000000000000000000000000000000000000000000000000000000000000000000000000000000000000000000000000000000000000000000000000000000000000000000000000000000000000000000000000000000000000000000000000000000000000000000000000000000000000000000000000
11111111100000011000000110000001100000011000000110000001111111111000000100000000000000000000000000000000000000000000000010000001100000010000000000000000000000000000000000000000000000001000000110000001000000000000000000000000000000000000000000000000100000011000000100000000000000000000000000000000000000000000000010000001000000000000000000000000000000000000000000000000000000000000000000000000000000000000000000000000000000000000000000000000000000000000000000000000000000000000000000000000000000000000000000000000
11111111100000011000000110000001100000011000000110000001111111111000000100000000000000000000000000000000000000000000000010000001100000010000000000000000000000000000000000000000000000001000000110000001000000000000000000000000000000000000000000000000100000011000000100000000000000000000000000000000000000000000000010000001100000010000000000000000000000000000000000000000000000001000000100000000000000000000000000000000000000000000000000000000000000000000000000000000000000000000000000000000000000000000000000000000
11111111100000011000000110000001100000011000000110000001111111111000000100000000000000000000000000000000000000000000000010000001100000010000000000000000000000000000000000000000000000001000000110000001000000000000000000000000000000000000000000000000100000011000000100000000000000000000000000000000000000000000000010000001100000010000000000000000000000000000000000000000000000001000000110000001000000000000000000000000000000000000000000000000100000010000000000000000000000000000000000000000000000000000000000000000
11111111100000011000000110000001100000011000000110000001111111111000000100000000000000000000000000000000000000000000000010000001100000010000000000000000000000000000000000000000000000001000000110000001000000000000000000000000000000000000000000000000100000011000000100000000000000000000000000000000000000000000000010000001100000010000000000000000000000000000000000000000000000001000000110000001000000000000000000000000000000000000000000000000100000011000000100000000000000000000000000000000000000000000000010000001
11111111100000011000000110000001100000011000000110000001111111111000000100000000000000000000000000000000000000000000000010000001100000010000000000000000000000000000000000000000000000001000000110000001000000000000000000000000000000000000000000000000100000011000000100000000000000000000000000000000000000000000000010000001100000010000000000000000000000000000000000000000000000001000000110000001000000000000000000000000000000000000000000000000100000011100000100000001000000000000000000000000000000001000000010000011
11111111100000011000000110000001100000011000000110000001111111111000000100000000000000000000000000000000000000000000000010000001100000010000000000000000000000000000000000000000000000001000000110000001000000000000000000000000000000000000000000000000100000011000000100000000000000000000000000000000000000000000000010000001100000010000000000000000000000000000000000000000000000001000000110000001000000000000000000000000000000000000000000000000100000011110000100000001000000010000000000000000100000001000000010000111
11111111100000011000000110000001100000011000000110000001111111111000000100000000000000000000000000000000000000000000000010000001100000010000000000000000000000000000000000000000000000001000000110000001000000000000000000000000000000000000000000000000100000011000000100000000000000000000000000000000000000000000000010000001100000010000000000000000000000000000000000000000000000001000000110000001000000000000000000000000000000000000000000000000100000011111000100000001000000010000000110000000100000001000000010001111
11111111100000011000000110000001100000011000000110000001111111111000000100000000000000000000000000000000000000000000000010000001100000010000000000000000000000000000000000000000000000001000000110000001000000000000000000000000000000000000000000000000100000011000000100000000000000000000000000000000000000000000000010000001100000010000000000000000000000000000000000000000000000001000000110000001000000000000000000000000000000000000000000000000100000011111100100000001000000011000000110000001100000001000000010011111
11111111100000011000000110000001100000011000000110000001111111111000000100000000000000000000000000000000000000000000000010000001100000010000000000000000000000000000000000000000000000001000000110000001000000000000000000000000000000000000000000000000100000011000000100000000000000000000000000000000000000000000000010000001100000010000000000000000000000000000000000000000000000001000000110000001000000000000000000000000000000000000000000000000100000011111110100000001100000011000000110000001100000011000000010111111
11111111100000011000000110000001100000011000000110000001111111111000000100000000000000000000000000000000000000000000000010000001100000010000000000000000000000000000000000000000000000001000000110000001000000000000000000000000000000000000000000000000100000011000000100000000000000000000000000000000000000000000000010000001100000010000000000000000000000000000000000000000000000001000000110000001000000000000000000000000000000000000000000000000100000011111111110000001100000011000000110000001100000011000000111111111
11111111100000011000000110000001100000011000000110000001111111111000000100000000000000000000000000000000000000000000000010000001100000010000000000000000000000000000000000000000000000001000000110000001000000000000000000000000000000000000000000000000100000011000000100000000000000000000000000000000000000000000000010000001100000010000000000000000000000000000000000000000000000001000000110000001000000000000000000000000000000000000000000000000100000011111111110000001100000011000000110000001100000011000000111111111
11111111100000011000000110000001100000011000000110000001111111111000000100000000000000000000000000000000000000000000000010000001100000010000000000000000000000000000000000000000000000001000000110000001000000000000000000000000000000000000000000000000100000011000000100000000000000000000000000000000000000000000000010000001100000010000000000000000000000000000000000000000000000001000000110000001000000000000000000000000000000000000000000000000100000011111111110000001100000011000000110000001100000011000000111111111
11111111100000011000000110000001100000011000000110000001111111111000000100000000000000000000000000000000000000000000000010000001100000010000000000000000000000000000000000000000000000001000000110000001000000000000000000000000000000000000000000000000100000011000000100000000000000000000000000000000000000000000000010000001100000010000000000000000000000000000000000000000000000001000000110000001000000000000000000000000000000000000000000000000100000011111111110000001100000011000000110000001100000011000000111111111
