11111111100000011000000110000001100000011000000110000001111111111000000100000000000000000000000000000000000000000000000010000001100000010000000000000000000000000000000000000000000000001000000110000001000000000000000000000000000000000000000000000000100000011000000100000000000000000000000000000000000000000000000010000001100000010000000000000000000000000000000000000000000000001000000110000001000000000000000000000000000000000000000000000000100000011111111110000001100000011000000110000001100000011000000111111111
00000000000000000000000000000000000000000000000000000000000000000000000001111110010000100100001001000010010000100111111000000000000000000100001000000000000000000000000000000000010000100000000000000000010000100000000000000000000000000000000001000010000000000000000001000010000000000000000000000000000000000100001000000000000000000100001000000000000000000000000000000000010000100000000000000000011111100100001001000010010000100100001001111110000000000000000000000000000000000000000000000000000000000000000000000000
00000000000000000000000000000000000000000000000000000000000000000000000000000000000000000000000000000000000000000000000000000000000000000000000000111100001001000010010000111100000000000000000000000000000000000010010000000000000000000010010000000000000000000000000000000000001001000000000000000000001001000000000000000000000000000000000000111100001001000010010000111100000000000000000000000000000000000000000000000000000000000000000000000000000000000000000000000000000000000000000000000000000000000000000000000000
00000000000000000000000000000000000000000000000000000000000000000000000000000000000000000000000000000000000000000000000000000000000000000000000000011110000100100001001000011110000000000000000000000000000000000001001000000000000000000001001000000000000000000000000000000000000100100000000000000000000100100000000000000000000000000000000000011110000100100001001000011110000000000000000000000000000000000000000000000000000000000000000000000000000000000000000000000000000000000000000000000000000000000000000000000000
00000000000000000000000000000000000000000000000000000000000000000000000000000000000000000000000000000000000000000000000000000000000000000000000000001111000010010000100100001111000000000000000000000000000000000000100100000000000000000000100100000000000000000000000000000000000010010000000000000000000010010000000000000000000000000000000000001111000010010000100100001111000000000000000000000000000000000000000000000000000000000000000000000000000000000000000000000000000000000000000000000000000000000000000000000000
00000000000000000000000000000000000000000000000000000000000000000000000000000000000000000000000000000000000000000000000000000000000000000000000000000000000011110000100100001001000011110000000000000000000000000000000000001001000000000000000000001001000000000000000000000000000000000000100100000000000000000000100100000000000000000000000000000000000011110000100100001001000011110000000000000000000000000000000000000000000000000000000000000000000000000000000000000000000000000000000000000000000000000000000000000000
00000000000000000000000000000000000000000000000000000000000000000000000000000000000000000000000000000000000000000000000000000000000000000000000000000000000000000000111100001001000010010000111100000000000000000000000000000000000010010000000000000000000010010000000000000000000000000000000000001001000000000000000000001001000000000000000000000000000000000000111100001001000010010000111100000000000000000000000000000000000000000000000000000000000000000000000000000000000000000000000000000000000000000000000000000000
00000000000000000000000000000000000000000000000000000000000000000000000000000000000000000000000000000000000000000000000000000000000000000000000000000000000000000001111000010010000100100001111000000000000000000000000000000000000100100000000000000000000100100000000000000000000000000000000000010010000000000000000000010010000000000000000000000000000000000001111000010010000100100001111000000000000000000000000000000000000000000000000000000000000000000000000000000000000000000000000000000000000000000000000000000000
00000000000000000000000000000000000000000000000000000000000000000000000000000000000000000000000000000000000000000000000000000000000000000000000000000000000000000011110000100100001001000011110000000000000000000000000000000000001001000000000000000000001001000000000000000000000000000000000000100100000000000000000000100100000000000000000000000000000000000011110000100100001001000011110000000000000000000000000000000000000000000000000000000000000000000000000000000000000000000000000000000000000000000000000000000000
00000000000000000000000000000000000000000000000000000000000000000000000000000000000000000000000000000000000000000000000000000000000000000000000000000000000000000111100001001000010010000111100000000000000000000000000000000000010010000000000000000000010010000000000000000000000000000000000001001000000000000000000001001000000000000000000000000000000000000111100001001000010010000111100000000000000000000000000000000000000000000000000000000000000000000000000000000000000000000000000000000000000000000000000000000000
00000000000000000000000000000000000000000000000000000000000000000000000000000000000000000000000000000000000000000000000000000000000000000000000000000000000000001111000010010000100100001111000000000000000000000000000000000000100100000000000000000000100100000000000000000000000000000000000010010000000000000000000010010000000000000000000000000000000000001111000010010000100100001111000000000000000000000000000000000000000000000000000000000000000000000000000000000000000000000000000000000000000000000000000000000000
00000000000000000000000000000000000000000000000000000000000000000000000000000000000000000000000011110000100100001001000011110000000000000000000000000000000000001001000000000000000000001001000000000000000000000000000000000000100100000000000000000000100100000000000000000000000000000000000011110000100100001001000011110000000000000000000000000000000000000000000000000000000000000000000000000000000000000000000000000000000000000000000000000000000000000000000000000000000000000000000000000000000000000000000000000000
00000000000000000000000000000000111100001001000010010000111100000000000000000000000000000000000010010000000000000000000010010000000000000000000000000000000000001001000000000000000000001001000000000000000000000000000000000000111100001001000010010000111100000000000000000000000000000000000000000000000000000000000000000000000000000000000000000000000000000000000000000000000000000000000000000000000000000000000000000000000000000000000000000000000000000000000000000000000000000000000000000000000000000000000000000000
00000000000000000000000011110000100100001001000011110000000000000000000000000000000000001001000000000000000000001001000000000000000000000000000000000000100100000000000000000000100100000000000000000000000000000000000011110000100100001001000011110000000000000000000000000000000000000000000000000000000000000000000000000000000000000000000000000000000000000000000000000000000000000000000000000000000000000000000000000000000000000000000000000000000000000000000000000000000000000000000000000000000000000000000000000000
00000000000000001111000010010000100100001111000000000000000000000000000000000000100100000000000000000000100100000000000000000000000000000000000010010000000000000000000010010000000000000000000000000000000000001111000010010000100100001111000000000000000000000000000000000000000000000000000000000000000000000000000000000000000000000000000000000000000000000000000000000000000000000000000000000000000000000000000000000000000000000000000000000000000000000000000000000000000000000000000000000000000000000000000000000000
00000000000000000111100001001000010010000111100000000000000000000000000000000000010010000000000000000000010010000000000000000000000000000000000001001000000000000000000001001000000000000000000000000000000000000111100001001000010010000111100000000000000000000000000000000000000000000000000000000000000000000000000000000000000000000000000000000000000000000000000000000000000000000000000000000000000000000000000000000000000000000000000000000000000000000000000000000000000000000000000000000000000000000000000000000000
00000000000000000011110000100100001001000011110000000000000000000000000000000000001001000000000000000000001001000000000000000000000000000000000000100100000000000000000000100100000000000000000000000000000000000011110000100100001001000011110000000000000000000000000000000000000000000000000000000000000000000000000000000000000000000000000000000000000000000000000000000000000000000000000000000000000000000000000000000000000000000000000000000000000000000000000000000000000000000000000000000000000000000000000000000000
00000000000000000001111000010010000100100001111000000000000000000000000000000000000100100000000000000000000100100000000000000000000000000000000000010010000000000000000000010010000000000000000000000000000000000001111000010010000100100001111000000000000000000000000000000000000000000000000000000000000000000000000000000000000000000000000000000000000000000000000000000000000000000000000000000000000000000000000000000000000000000000000000000000000000000000000000000000000000000000000000000000000000000000000000000000
00000000000000000000111100001001000010010000111100000000000000000000000000000000000010010000000000000000000010010000000000000000000000000000000000001001000000000000000000001001000000000000000000000000000000000000111100001001000010010000111100000000000000000000000000000000000000000000000000000000000000000000000000000000000000000000000000000000000000000000000000000000000000000000000000000000000000000000000000000000000000000000000000000000000000000000000000000000000000000000000000000000000000000000000000000000
00000000000000000000000000000000000000000000000000000000000000000000000000000000000011110000100100001001000011110000000000000000000000000000000000001001000000000000000000001001000000000000000000000000000000000000100100000000000000000000100100000000000000000000000000000000000011110000100100001001000011110000000000000000000000000000000000000000000000000000000000000000000000000000000000000000000000000000000000000000000000000000000000000000000000000000000000000000000000000000000000000000000000000000000000000000
00000000000000000000000000000000000000000000000000000000000000000000000000000000000000000000000000000000000000000000000000000000000000000000000000001111000010010000100100001111000000000000000000000000000000000000100100000000000000000000100100000000000000000000000000000000000010010000000000000000000010010000000000000000000000000000000000001111000010010000100100001111000000000000000000000000000000000000000000000000000000000000000000000000000000000000000000000000000000000000000000000000000000000000000000000000
00000000000000000000000000000000000000000000000000000000000000000000000000000000000000000000000000000000000000000000000000000000000000000000000000000000000000000000000000000000000000000000000000000000000000000000111100001001000010010000111100000000000000000000000000000000000010010000000000000000000010010000000000000000000000000000000000001001000000000000000000001001000000000000000000000000000000000000111100001001000010010000111100000000000000000000000000000000000000000000000000000000000000000000000000000000
00000000000000000000000000000000000000000000000000000000000000000000000000000000000000000000000000000000000000000000000000000000000000000000000000000000000000000000000000000000000000000000000000000000000000000001111000010010000100100001111000000000000000000000000000000000000100100000000000000000000100100000000000000000000000000000000000010010000000000000000000010010000000000000000000000000000000000001111000010010000100100001111000000000000000000000000000000000000000000000000000000000000000000000000000000000
00000000000000000000000000000000000000000000000000000000000000000000000000000000000000000000000000000000000000000000000000000000000000000000000000000000000000000000000000000000000000000000000000000000000111100001001000010010000111100000000000000000000000000000000000010010000000000000000000010010000000000000000000000000000000000001001000000000000000000001001000000000000000000000000000000000000111100001001000010010000111100000000000000000000000000000000000000000000000000000000000000000000000000000000000000000
00000000000000000000000000000000000000000000000000000000000000000000000000000000000000000000000000000000000000000000000000000000000000000000000000000000000000000000000000000000000000000000000000011110000100100001001000011110000000000000000000000000000000000001001000000000000000000001001000000000000000000000000000000000000100100000000000000000000100100000000000000000000000000000000000011110000100100001001000011110000000000000000000000000000000000000000000000000000000000000000000000000000000000000000000000000
00000000000000000000000000000000000000000000000000000000000000000000000000000000000000000000000000000000000000000000000000000000000000000000000000000000000000000000000000000000000000000000000000001111000010010000100100001111000000000000000000000000000000000000100100000000000000000000100100000000000000000000000000000000000010010000000000000000000010010000000000000000000000000000000000001111000010010000100100001111000000000000000000000000000000000000000000000000000000000000000000000000000000000000000000000000
00000000000000000000000000000000000000000000000000000000000000000000000000000000000000000000000000000000000000000000000000000000000000000000000000000000000000000000000000000000000000000000000000000000000000000000000000000000000000000000000000000000000000000000111100001001000010010000111100000000000000000000000000000000000010010000000000000000000010010000000000000000000000000000000000001001000000000000000000001001000000000000000000000000000000000000111100001001000010010000111100000000000000000000000000000000
00000000000000000000000000000000000000000000000000000000000000000000000000000000000000000000000000000000000000000000000000000000000000000000000000000000000000000000000000000000000000000000000000000000000000000000000000000000000000000000000000000000000000000000100100001001000011110000000000000000000000000000000000000000000000000000000000001001000000000000000000000000000000000000000000000000000000000000100100000000000000000000000000000000000000000000100100001001000011110000000000000000000000000000000000000000
00000000000000000000000000000000000000000000000000000000000000000000000000000000000000000000000000000000000000000000000000000000000000000000000000000000000000000000000000000000000000000000000000000000000000000000000000000000000000000000000000000000000000000000100100001111000000000000000000000000000000000000000000000000000000000000100100000000000000000000000000000000000000000000000000000000000010010000000000000000000000000000000000000000000000000000100100001111000000000000000000000000000000000000000000000000
00000000000000000000000000000000000000000000000000000000000000000000000000000000000000000000000000000000000000000000000000000000000000000000000000000000000000000000000000000000000000000000000000000000000000000000000000000000000000000000000000000000000000000000111100000000000000000000000000000000000000000000000000000000000010010000000000000000000000000000000000000000000000000000000000001001000000000000000000000000000000000000000000000000000000000000111100000000000000000000000000000000000000000000000000000000
00000000000000000000000000000000000000000000000000000000000000000000000000000000000000000000000000000000000000000000000000000000000000000000000000000000000000000000000000000000000000000000000000011111000000000000000000000000000000000000000000000000000000000001000100000000000000000000000000000000000000000000000000000000000100010000000000000000000000000000000000000000000000000000000000010001000000000000000000000000000000000000000000000000000000000001111100000000000000000000000000000000000000000000000000000000
00000000000000000000000000000000000000000000000000000000000000000000000000000000000000000000000000000000000000000000000000000000001111110000000000000000000000000000000000000000000000000000000000100001000000000000000000000000000000000000000000000000000000000010000100000000000000000000000000000000000000000000000000000000001000010000000000000000000000000000000000000000000000000000000000100001000000000000000000000000000000000000000000000000000000000011111100000000000000000000000000000000000000000000000000000000
00000000000000000000000000000000000000000000000000000000000000000111111100000000000000000000000000000000000000000000000000000000010000010000000000000000000000000000000000000000000000000000000001000001000000000000000000000000000000000000000000000000000000000100000100000000000000000000000000000000000000000000000000000000010000010000000000000000000000000000000000000000000000000000000001000001000000000000000000000000000000000000000000000000000000000111111100000000000000000000000000000000000000000000000000000000
11111111000000000000000000000000000000000000000000000000000000001000000100000000000000000000000000000000000000000000000000000000100000010000000000000000000000000000000000000000000000000000000010000001000000000000000000000000000000000000000000000000000000001000000100000000000000000000000000000000000000000000000000000000100000010000000000000000000000000000000000000000000000000000000010000001000000000000000000000000000000000000000000000000000000001111111100000000000000000000000000000000000000000000000000000000
00000000111111110000000000000000000000000000000000000000000000000000000010000001000000000000000000000000000000000000000000000000000000001000000100000000000000000000000000000000000000000000000000000000100000010000000000000000000000000000000000000000000000000000000010000001000000000000000000000000000000000000000000000000000000001000000100000000000000000000000000000000000000000000000000000000100000010000000000000000000000000000000000000000000000000000000011111111000000000000000000000000000000000000000000000000
00000000000000001111111100000000000000000000000000000000000000000000000000000000100000010000000000000000000000000000000000000000000000000000000010000001000000000000000000000000000000000000000000000000000000001000000100000000000000000000000000000000000000000000000000000000100000010000000000000000000000000000000000000000000000000000000010000001000000000000000000000000000000000000000000000000000000001000000100000000000000000000000000000000000000000000000000000000111111110000000000000000000000000000000000000000
00000000000000000000000011111111000000000000000000000000000000000000000000000000000000001000000100000000000000000000000000000000000000000000000000000000100000010000000000000000000000000000000000000000000000000000000010000001000000000000000000000000000000000000000000000000000000001000000100000000000000000000000000000000000000000000000000000000100000010000000000000000000000000000000000000000000000000000000010000001000000000000000000000000000000000000000000000000000000001111111100000000000000000000000000000000
00000000000000000000000000000000111111110000000000000000000000000000000000000000000000000000000010000001000000000000000000000000000000000000000000000000000000001000000100000000000000000000000000000000000000000000000000000000100000010000000000000000000000000000000000000000000000000000000010000001000000000000000000000000000000000000000000000000000000001000000100000000000000000000000000000000000000000000000000000000100000010000000000000000000000000000000000000000000000000000000011111111000000000000000000000000
00000000000000000000000000000000000000001111111100000000000000000000000000000000000000000000000000000000100000010000000000000000000000000000000000000000000000000000000010000001000000000000000000000000000000000000000000000000000000001000000100000000000000000000000000000000000000000000000000000000100000010000000000000000000000000000000000000000000000000000000010000001000000000000000000000000000000000000000000000000000000001000000100000000000000000000000000000000000000000000000000000000111111110000000000000000
00000000000000000000000000000000000000000000000011111111000000000000000000000000000000000000000000000000000000001000000100000000000000000000000000000000000000000000000000000000100000010000000000000000000000000000000000000000000000000000000010000001000000000000000000000000000000000000000000000000000000001000000100000000000000000000000000000000000000000000000000000000100000010000000000000000000000000000000000000000000000000000000010000001000000000000000000000000000000000000000000000000000000001111111100000000
00000000000000000000000000000000000000000000000000000000111111110000000000000000000000000000000000000000000000000000000010000001000000000000000000000000000000000000000000000000000000001000000100000000000000000000000000000000000000000000000000000000100000010000000000000000000000000000000000000000000000000000000010000001000000000000000000000000000000000000000000000000000000001000000100000000000000000000000000000000000000000000000000000000100000010000000000000000000000000000000000000000000000000000000011111111
00000000000000000000000000000000000000000000000000000000111111110000000000000000000000000000000000000000000000000000000010000001000000000000000000000000000000000000000000000000000000001000000100000000000000000000000000000000000000000000000000000000100000010000000000000000000000000000000000000000000000000000000010000001000000000000000000000000000000000000000000000000000000001000000100000000000000000000000000000000000000000000000000000000100000010000000000000000000000000000000000000000000000000000000011111111
00000000000000000000000000000000000000000000000000000000111111110000000000000000000000000000000000000000000000000000000010000001000000000000000000000000000000000000000000000000000000001000000100000000000000000000000000000000000000000000000000000000100000010000000000000000000000000000000000000000000000000000000010000001000000000000000000000000000000000000000000000000000000001000000100000000000000000000000000000000000000000000000000000000100000010000000000000000000000000000000000000000000000000000000011111111
