00000000000000000000000000000000000000000000000000000000111111110000000000000000000000000000000000000000000000000000000010000001000000000000000000000000000000000000000000000000000000001000000100000000000000000000000000000000000000000000000000000000100000010000000000000000000000000000000000000000000000000000000010000001000000000000000000000000000000000000000000000000000000001000000100000000000000000000000000000000000000000000000000000000100000010000000000000000000000000000000000000000000000000000000011111111
00000000000000000000000000000000000000000000000000000000000000000000000000000000000000000000000000000000000000000000000001111110000000000000000000000000000000000000000000000000000000000100001000000000000000000000000000000000000000000000000000000000010000100000000000000000000000000000000000000000000000000000000001000010000000000000000000000000000000000000000000000000000000000100001000000000000000000000000000000000000000000000000000000000011111100000000000000000000000000000000000000000000000000000000000000000
00000000000000000000000000000000000000000000000000000000000000000000000000000000000000000000000000000000000000000111111001111110000000000000000000000000000000000000000000000000010000100100001000000000000000000000000000000000000000000000000001000010010000100000000000000000000000000000000000000000000000000100001001000010000000000000000000000000000000000000000000000000010000100100001000000000000000000000000000000000000000000000000001111110011111100000000000000000000000000000000000000000000000000000000000000000
00000000000000000000000000000000000000000000000000000000000000000000000000000000000000000000000000000000011111100111111001111110000000000000000000000000000000000000000001000010010000100100001000000000000000000000000000000000000000000100001001000010010000100000000000000000000000000000000000000000010000100100001001000010000000000000000000000000000000000000000001000010010000100100001000000000000000000000000000000000000000000111111001111110011111100000000000000000000000000000000000000000000000000000000000000000
00000000000000000000000000000000000000000000000000000000000000000000000000000000000000000000000001111110011111100111111001111110000000000000000000000000000000000100001001000010010000100100001000000000000000000000000000000000010000100100001001000010010000100000000000000000000000000000000001000010010000100100001001000010000000000000000000000000000000000100001001000010010000100100001000000000000000000000000000000000011111100111111001111110011111100000000000000000000000000000000000000000000000000000000000000000
00000000000000000000000000000000000000000000000000000000000000000000000000000000000000000111111001111110011111100111111001111110000000000000000000000000010000100100001001000010010000100100001000000000000000000000000001000010010000100100001001000010010000100000000000000000000000000100001001000010010000100100001001000010000000000000000000000000010000100100001001000010010000100100001000000000000000000000000001111110011111100111111001111110011111100000000000000000000000000000000000000000000000000000000000000000
00000000000000000000000000000000000000000000000000000000000000000000000000000000011111100111111001111110011111100111111001111110000000000000000001000010010000100100001001000010010000100100001000000000000000000100001001000010010000100100001001000010010000100000000000000000010000100100001001000010010000100100001001000010000000000000000001000010010000100100001001000010010000100100001000000000000000000111111001111110011111100111111001111110011111100000000000000000000000000000000000000000000000000000000000000000
00000000000000000000000000000000000000000000000000000000000000000000000001111110011111100111111001111110011111100111111001111110000000000100001001000010010000100100001001000010010000100100001000000000010000100100001001000010010000100100001001000010010000100000000001000010010000100100001001000010010000100100001001000010000000000100001001000010010000100100001001000010010000100100001000000000011111100111111001111110011111100111111001111110011111100000000000000000000000000000000000000000000000000000000000000000
00000000000000000000000000000000000000000000000000000000000000000111111001111110011111100111111001111110011111100111111001111110010000100100001001000010010000100100001001000010010000100100001001000010010000100100001001000010010000100100001001000010010000100100001001000010010000100100001001000010010000100100001001000010010000100100001001000010010000100100001001000010010000100100001001111110011111100111111001111110011111100111111001111110011111100000000000000000000000000000000000000000000000000000000000000000
00000000000000000000000000000000000000000000000000000000000000000111111001111110011111100111111001111110011111100111111001111110010000100100001001000010010000100100001001000010010000100100001001000010010000100100001001000010010000100100001001000010010110100100001001000010010000100100001001000010010000100100001001011010010000100100001001000010010000100100001001000010010000100100001001111110011111100111111001111110011111100111111001111110011111100000000000000000000000000000000000000000000000000000000000000000
00000000000000000000000000000000000000000000000000000000000000000111111001111110011111100111111001111110011111100111111001111110010000100100001001000010010000100100001001000010010000100100001001000010010000100100001001000010010000100100001001011010010110100100001001000010010000100100001001000010010000100101101001011010010000100100001001000010010000100100001001000010010000100100001001111110011111100111111001111110011111100111111001111110011111100000000000000000000000000000000000000000000000000000000000000000
00000000000000000000000000000000000000000000000000000000000000000111111001111110011111100111111001111110011111100111111001111110010000100100001001000010010000100100001001000010010000100100001001000010010000100100001001000010010000100101101001011010010110100100001001000010010000100100001001000010010110100101101001011010010000100100001001000010010000100100001001000010010000100100001001111110011111100111111001111110011111100111111001111110011111100000000000000000000000000000000000000000000000000000000000000000
00000000000000000000000000000000000000000000000000000000000000000111111001111110011111100111111001111110011111100111111001111110010000100100001001000010010000100100001001000010010000100100001001000010010000100100001001000010010110100101101001011010010110100100001001000010010000100100001001011010010110100101101001011010010000100100001001000010010000100100001001000010010000100100001001111110011111100111111001111110011111100111111001111110011111100000000000000000000000000000000000000000000000000000000000000000
00000000000000000000000000000000000000000000000000000000000000000111111001111110011111100111111001111110011111100111111001111110010000100100001001000010010000100100001001000010010000100100001001000010010000100100001001011010010110100101101001011010010110100100001001000010010000100101101001011010010110100101101001011010010000100100001001000010010000100100001001000010010000100100001001111110011111100111111001111110011111100111111001111110011111100000000000000000000000000000000000000000000000000000000000000000
00000000000000000000000000000000000000000000000000000000000000000111111001111110011111100111111001111110011111100111111001111110010000100100001001000010010000100100001001000010010000100100001001000010010000100101101001011010010110100101101001011010010110100100001001000010010110100101101001011010010110100101101001011010010000100100001001000010010000100100001001000010010000100100001001111110011111100111111001111110011111100111111001111110011111100000000000000000000000000000000000000000000000000000000000000000
00000000000000000000000000000000000000000000000000000000000000000111111001111110011111100111111001111110011111100111111001111110010000100100001001000010010000100100001001000010010000100100001001000010010110100101101001011010010110100101101001011010010110100100001001011010010110100101101001011010010110100101101001011010010000100100001001000010010000100100001001000010010000100100001001111110011111100111111001111110011111100111111001111110011111100000000000000000000000000000000000000000000000000000000000000000
00000000000000000000000000000000000000000000000000000000000000000111111001111110011111100111111001111110011111100111111001111110010000100100001001000010010000100100001001000010010000100100001001011010010110100101101001011010010110100101101001011010010110100101101001011010010110100101101001011010010110100101101001011010010000100100001001000010010000100100001001000010010000100100001001111110011111100111111001111110011111100111111001111110011111100000000000000000000000000000000000000000000000000000000000000000
00000000000000000000000000000000000000000000000000000000000000000111111001111110011111100111111001111110011111100111111001111110010000100100001001000010010000100100001001000010010000100100001001011010010110100101101001011010010110100101101001011010010000100101101001011010010110100101101001011010010110100101101001000010010000100100001001000010010000100100001001000010010000100100001001111110011111100111111001111110011111100111111001111110011111100000000000000000000000000000000000000000000000000000000000000000
00000000000000000000000000000000000000000000000000000000000000000111111001111110011111100111111001111110011111100111111001111110010000100100001001000010010000100100001001000010010000100100001001011010010110100101101001011010010110100101101001000010010000100101101001011010010110100101101001011010010110100100001001000010010000100100001001000010010000100100001001000010010000100100001001111110011111100111111001111110011111100111111001111110011111100000000000000000000000000000000000000000000000000000000000000000
00000000000000000000000000000000000000000000000000000000000000000111111001111110011111100111111001111110011111100111111001111110010000100100001001000010010000100100001001000010010000100100001001011010010110100101101001011010010110100100001001000010010000100101101001011010010110100101101001011010010000100100001001000010010000100100001001000010010000100100001001000010010000100100001001111110011111100111111001111110011111100111111001111110011111100000000000000000000000000000000000000000000000000000000000000000
00000000000000000000000000000000000000000000000000000000000000000111111001111110011111100111111001111110011111100111111001111110010000100100001001000010010000100100001001000010010000100100001001011010010110100101101001011010010000100100001001000010010000100101101001011010010110100101101001000010010000100100001001000010010000100100001001000010010000100100001001000010010000100100001001111110011111100111111001111110011111100111111001111110011111100000000000000000000000000000000000000000000000000000000000000000
00000000000000000000000000000000000000000000000000000000000000000111111001111110011111100111111001111110011111100111111001111110010000100100001001000010010000100100001001000010010000100100001001011010010110100101101001000010010000100100001001000010010000100101101001011010010110100100001001000010010000100100001001000010010000100100001001000010010000100100001001000010010000100100001001111110011111100111111001111110011111100111111001111110011111100000000000000000000000000000000000000000000000000000000000000000
00000000000000000000000000000000000000000000000000000000000000000111111001111110011111100111111001111110011111100111111001111110010000100100001001000010010000100100001001000010010000100100001001011010010110100100001001000010010000100100001001000010010000100101101001011010010000100100001001000010010000100100001001000010010000100100001001000010010000100100001001000010010000100100001001111110011111100111111001111110011111100111111001111110011111100000000000000000000000000000000000000000000000000000000000000000
00000000000000000000000000000000000000000000000000000000000000000111111001111110011111100111111001111110011111100111111001111110010000100100001001000010010000100100001001000010010000100100001001011010010000100100001001000010010000100100001001000010010000100101101001000010010000100100001001000010010000100100001001000010010000100100001001000010010000100100001001000010010000100100001001111110011111100111111001111110011111100111111001111110011111100000000000000000000000000000000000000000000000000000000000000000
00000000000000000000000000000000000000000000000000000000000000000111111001111110011111100111111001111110011111100111111001111110010000100100001001000010010000100100001001000010010000100100001001000010010000100100001001000010010000100100001001000010010000100100001001000010010000100100001001000010010000100100001001000010010000100100001001000010010000100100001001000010010000100100001001111110011111100111111001111110011111100111111001111110011111100000000000000000000000000000000000000000000000000000000000000000
00000000000000000000000000000000000000000000000000000000000000000111111001111110011111100111111001111110011111100111111001111110010000100100001001000010010000100100001001000010010000100100001001000010010000100100001001000010010000100100001001000010010000100100001001000010010000100100001001000010010000100100001001000010010000100100001001000010010000100100001001000010010000100100001001011110010111100101111001011110010111100101111001011110010111100000000000000000000000000000000000000000000000000000000000000000
00000000000000000000000000000000000000000000000000000000000000000111111001111110011111100111111001111110011111100111111001111110010000100100001001000010010000100100001001000010010000100100001001000010010000100100001001000010010000100100001001000010010000100100001001000010010000100100001001000010010000100100001001000010010000100100001001000010010000100100001001000010010000100100001001001110010011100100111001001110010011100100111001001110010011100000000000000000000000000000000000000000000000000000000000000000
00000000000000000000000000000000000000000000000000000000000000000111111001111110011111100111111001111110011111100111111001111110010000100100001001000010010000100100001001000010010000100100001001000010010000100100001001000010010000100100001001000010010000100100001001000010010000100100001001000010010000100100001001000010010000100100001001000010010000100100001001000010010000100100001001000110010001100100011001000110010001100100011001000110010001100000000000000000000000000000000000000000000000000000000000000000
00000000000000000000000000000000000000000000000000000000000000000111111001111110011111100111111001111110011111100111111001111110010000100100001001000010010000100100001001000010010000100100001001000010010000100100001001000010010000100100001001000010010000100100001001000010010000100100001001000010010000100100001001000010010000100100001001000010010000100100001001000010010000100100001001000010010000100100001001000010010000100100001001000010010000100000000000000000000000000000000000000000000000000000000000000000
00000000000000000000000000000000000000000000000000000000000000000111111001111110011111100111111001111110011111100111111001111110010000100100001001000010010000100100001001000010010000100100001001000010010000100100001001000010010000100100001001000010010000100100001001000010010000100100001001000010010000100100001001000010010000100100001001000010010000100100001001000010010000100100001001000000010000000100000001000000010000000100000001000000010000000000000000000000000000000000000000000000000000000000000000000000
00000000000000000000000000000000000000000000000000000000000000000111111001111110011111100111111001111110011111100111111001111110010000100100001001000010010000100100001001000010010000100100001001000010010000100100001001000010010000100100001001000010010000100100001001000010010000100100001001000010010000100100001001000010010000000100000001000000010000000100000001000000010000000100000001000000010000000100000001000000010000000100000001000000010000000000000000000000000000000000000000000000000000000000000000000000
00000000000000000000000000000000000000000000000000000000000000000111111001111110011111100111111001111110011111100111111001111110010000100100001001000010010000100100001001000010010000100100001001000010010000100100001001000010010000100100001001000010010000100100000001000000010000000100000001000000010000000100000001000000010000000100000001000000010000000100000001000000010000000100000001000000010000000100000001000000010000000100000001000000010000000000000000000000000000000000000000000000000000000000000000000000
00000000000000000000000000000000000000000000000000000000000000000111111001111110011111100111111001111110011111100111111001111110010000100100001001000010010000100100001001000010010000100100001001000000010000000100000001000000010000000100000001000000010000000100000001000000010000000100000001000000010000000100000001000000010000000100000001000000010000000100000001000000010000000100000001000000010000000100000001000000010000000100000001000000010000000000000000000000000000000000000000000000000000000000000000000000
00000000000000000000000000000000000000000000000000000000000000000111111001111110011111100111111001111110011111100111111001111110010000000100000001000000010000000100000001000000010000000100000001000000010000000100000001000000010000000100000001000000010000000100000001000000010000000100000001000000010000000100000001000000010000000100000001000000010000000100000001000000010000000100000001000000010000000100000001000000010000000100000001000000010000000000000000000000000000000000000000000000000000000000000000000000
00000000000000000000000000000000000000000000000000000000000000000111110001111100011111000111110001111100011111000111110001111100010000000100000001000000010000000100000001000000010000000100000001000000010000000100000001000000010000000100000001000000010000000100000001000000010000000100000001000000010000000100000001000000010000000100000001000000010000000100000001000000010000000100000001000000010000000100000001000000010000000100000001000000010000000000000000000000000000000000000000000000000000000000000000000000
00000000000000000000000000000000000000000000000000000000000000000111100001111000011110000111100001111000011110000111100001111000010000000100000001000000010000000100000001000000010000000100000001000000010000000100000001000000010000000100000001000000010000000100000001000000010000000100000001000000010000000100000001000000010000000100000001000000010000000100000001000000010000000100000001000000010000000100000001000000010000000100000001000000010000000000000000000000000000000000000000000000000000000000000000000000
00000000000000000000000000000000000000000000000000000000000000000111000001110000011100000111000001110000011100000111000001110000010000000100000001000000010000000100000001000000010000000100000001000000010000000100000001000000010000000100000001000000010000000100000001000000010000000100000001000000010000000100000001000000010000000100000001000000010000000100000001000000010000000100000001000000010000000100000001000000010000000100000001000000010000000000000000000000000000000000000000000000000000000000000000000000
00000000000000000000000000000000000000000000000000000000000000000110000001100000011000000110000001100000011000000110000001100000010000000100000001000000010000000100000001000000010000000100000001000000010000000100000001000000010000000100000001000000010000000100000001000000010000000100000001000000010000000100000001000000010000000100000001000000010000000100000001000000010000000100000001000000010000000100000001000000010000000100000001000000010000000000000000000000000000000000000000000000000000000000000000000000
00000000000000000000000000000000000000000000000000000000000000000100000001000000010000000100000001000000010000000100000001000000010000000100000001000000010000000100000001000000010000000100000001000000010000000100000001000000010000000100000001000000010000000100000001000000010000000100000001000000010000000100000001000000010000000100000001000000010000000100000001000000010000000100000001000000010000000100000001000000010000000100000001000000010000000000000000000000000000000000000000000000000000000000000000000000
00000000000000000000000000000000000000000000000000000000000000000010000000100000001000000010000000100000001000000010000000100000001000000010000000100000001000000010000000100000001000000010000000100000001000000010000000100000001000000010000000100000001000000010000000100000001000000010000000100000001000000010000000100000001000000010000000100000001000000010000000100000001000000010000000100000001000000010000000100000001000000010000000100000001000000000000000000000000000000000000000000000000000000000000000000000
00000000000000000000000000000000000000000000000000000000000000000001000000010000000100000001000000010000000100000001000000010000000100000001000000010000000100000001000000010000000100000001000000010000000100000001000000010000000100000001000000010000000100000001000000010000000100000001000000010000000100000001000000010000000100000001000000010000000100000001000000010000000100000001000000010000000100000001000000010000000100000001000000010000000100000000000000000000000000000000000000000000000000000000000000000000
00000000000000000000000000000000000000000000000000000000000000000000100000001000000010000000100000001000000010000000100000001000000010000000100000001000000010000000100000001000000010000000100000001000000010000000100000001000000010000000100000001000000010000000100000001000000010000000100000001000000010000000100000001000000010000000100000001000000010000000100000001000000010000000100000001000000010000000100000001000000010000000100000001000000010000000000000000000000000000000000000000000000000000000000000000000
00000000000000000000000000000000000000000000000000000000000000000000010000000100000001000000010000000100000001000000010000000100000001000000010000000100000001000000010000000100000001000000010000000100000001000000010000000100000001000000010000000100000001000000010000000100000001000000010000000100000001000000010000000100000001000000010000000100000001000000010000000100000001000000010000000100000001000000010000000100000001000000010000000100000001000000000000000000000000000000000000000000000000000000000000000000
00000000000000000000000000000000000000000000000000000000000000000000001000000010000000100000001000000010000000100000001000000010000000100000001000000010000000100000001000000010000000100000001000000010000000100000001000000010000000100000001000000010000000100000001000000010000000100000001000000010000000100000001000000010000000100000001000000010000000100000001000000010000000100000001000000010000000100000001000000010000000100000001000000010000000100000000000000000000000000000000000000000000000000000000000000000
00000000000000000000000000000000000000000000000000000000000000000000000100000001000000010000000100000001000000010000000100000001000000010000000100000001000000010000000100000001000000010000000100000001000000010000000100000001000000010000000100000001000000010000000100000001000000010000000100000001000000010000000100000001000000010000000100000001000000010000000100000001000000010000000100000001000000010000000100000001000000010000000100000001000000010000000000000000000000000000000000000000000000000000000000000000
00000001000000010000000100000001000000010000000100000001000000010000000100000001000000010000000100000001000000010000000100000001000000010000000100000001000000010000000100000001000000010000000100000001000000010000000100000001000000010000000100000001000000010000000100000001000000010000000100000001000000010000000100000001000000010000000100000001000000010000000100000001000000010000000100000001000000010000000100000001000000010000000100000001000000010000000100000001000000010000000100000001000000010000000100000001
00000001000000010000000100000001000000010000000100000001000000010000000100000001000000010000000100000001000000010000000100000001000000010000000100000001000000010000000100000001000000010000000100000001000000010000000100000001000000010000000100000001000000010000000100000001000000010000000100000001000000010000000100000001000000010000000100000001000000010000000100000001000000010000000100000001000000010000000100000001000000010000000100000001000000010000000100000001000000010000000100000001000000010000000100000001
00000001000000010000000100000001000000010000000100000001000000010000000100000001000000010000000100000001000000010000000100000001000000010000000100000001000000010000000100000001000000010000000100000001000000010000000100000001000000010000000100000001000000010000000100000001000000010000000100000001000000010000000100000001000000010000000100000001000000010000000100000001000000010000000100000001000000010000000100000001000000010000000100000001000000010000000100000001000000010000000100000001000000010000000100000001
