00000000000000000000000000000000000000000000000000000000010000100000000000000000000000000000000000000000000000000000000001000010000000000000000000000000000000000000000000000000000000000100001000000000000000000000000000000000000000000000000000000000010000100000000000000000000000000000000000000000000000000000000001111110000000000000000000000000000000000000000000000000000000000100001000000000000000000000000000000000000000000000000000000000010000100000000000000000000000000000000000000000000000000000000000111100
00000000000000000000000000000000000000000000000001000010010000100000000000000000000000000000000000000000000000000100001001000010000000000000000000000000000000000000000000000000010000100100001000000000000000000000000000000000000000000000000001000010010000100000000000000000000000000000000000000000000000000111111001111110000000000000000000000000000000000000000000000000010000100100001000000000000000000000000000000000000000000000000001000010010000100000000000000000000000000000000000000000000000000011110000111100
00000000000000000000000000000000000000000100001001000010000000000000000000000000000000000000000000000000010000100100001000000000000000000000000000000000000000000000000001000010010000100000000000000000000000000000000000000000000000000100001001000010000000000000000000000000000000000000000000000000011111100111111000000000000000000000000000000000000000000000000001000010010000100000000000000000000000000000000000000000000000000100001001000010000000000000000000000000000000000000000000000000001111000011110000000000
00000000000000000000000000000000010000100100001000000000000000000000000000000000000000000000000001000010010000100000000000000000000000000000000000000000000000000100001001000010000000000000000000000000000000000000000000000000010000100100001000000000000000000000000000000000000000000000000001111110011111100000000000000000000000000000000000000000000000000100001001000010000000000000000000000000000000000000000000000000010000100100001000000000000000000000000000000000000000000000000000111100001111000000000000000000
00000000000000000000000001000010010000100000000000000000000000000000000000000000000000000100001001000010000000000000000000000000000000000000000000000000010000100100001000000000000000000000000000000000000000000000000001000010010000100000000000000000000000000000000000000000000000000111111001111110000000000000000000000000000000000000000000000000010000100100001000000000000000000000000000000000000000000000000001000010010000100000000000000000000000000000000000000000000000000011110000111100000000000000000000000000
00000000000000000100001001000010000000000000000000000000000000000000000000000000010000100100001000000000000000000000000000000000000000000000000001000010010000100000000000000000000000000000000000000000000000000100001001000010000000000000000000000000000000000000000000000000011111100111111000000000000000000000000000000000000000000000000001000010010000100000000000000000000000000000000000000000000000000100001001000010000000000000000000000000000000000000000000000000001111000011110000000000000000000000000000000000
00000000010000100100001000000000000000000000000000000000000000000000000001000010010000100000000000000000000000000000000000000000000000000100001001000010000000000000000000000000000000000000000000000000010000100100001000000000000000000000000000000000000000000000000001111110011111100000000000000000000000000000000000000000000000000100001001000010000000000000000000000000000000000000000000000000010000100100001000000000000000000000000000000000000000000000000000111100001111000000000000000000000000000000000000000000
01000010010000100000000000000000000000000000000000000000000000000100001001000010000000000000000000000000000000000000000000000000010000100100001000000000000000000000000000000000000000000000000001000010010000100000000000000000000000000000000000000000000000000111111001111110000000000000000000000000000000000000000000000000010000100100001000000000000000000000000000000000000000000000000001000010010000100000000000000000000000000000000000000000000000000011110000111100000000000000000000000000000000000000000000000000
01000010000000000000000000000000000000000000000000000000000000000100001000000000000000000000000000000000000000000000000000000000010000100000000000000000000000000000000000000000000000000000000001000010000000000000000000000000000000000000000000000000000000000111111000000000000000000000000000000000000000000000000000000000010000100000000000000000000000000000000000000000000000000000000001000010000000000000000000000000000000000000000000000000000000000011110000000000000000000000000000000000000000000000000000000000
00000000000000000000000000000000000000000000000000000000000000000000000000000000000000000000000000000000000000000000000000000000000000000000000000000000000000000000000000000000000000000000000000000000000000000000000000000000000000000000000000000000000000000000000000000000000000000000000000000000000000000000000000000000000000000000000000000000000000000000000000000000000000000000000000000000000000000000000000000000000000000000000000000000000000000000000000000000000000000000000000000000000000000000000000000000
00000000000000000000000000000000000000000000000000000000000000000000000000000000000000000000000000000000000000000000000000000000000000000000000000000000000000000000000000000000000000000000000000000000000000000000000000000000000000000000000000000000000000000000000000000000000000000000000000000000000000000000000000000000000000000000000000000000000000000000000000000000000000000000000000000000000000000000000000000000000000000000000000000000000000000000000000000000000000000000000000000000000000000000000000000000
