00000000000000000000000000000000000000000000000000000000011111000000000000000000000000000000000000000000000000000000000001000010000000000000000000000000000000000000000000000000000000000100001000000000000000000000000000000000000000000000000000000000011111000000000000000000000000000000000000000000000000000000000001000010000000000000000000000000000000000000000000000000000000000100001000000000000000000000000000000000000000000000000000000000010000100000000000000000000000000000000000000000000000000000000001111100
00000000000000000000000000000000000000000000000001111100011111000000000000000000000000000000000000000000000000000100001001000010000000000000000000000000000000000000000000000000010000100100001000000000000000000000000000000000000000000000000001111100011111000000000000000000000000000000000000000000000000000100001001000010000000000000000000000000000000000000000000000000010000100100001000000000000000000000000000000000000000000000000001000010010000100000000000000000000000000000000000000000000000000111110001111100
00000000000000000000000000000000000000000111110001111100000000000000000000000000000000000000000000000000010000100100001000000000000000000000000000000000000000000000000001000010010000100000000000000000000000000000000000000000000000000111110001111100000000000000000000000000000000000000000000000000010000100100001000000000000000000000000000000000000000000000000001000010010000100000000000000000000000000000000000000000000000000100001001000010000000000000000000000000000000000000000000000000011111000111110000000000
00000000000000000000000000000000011111000111110000000000000000000000000000000000000000000000000001000010010000100000000000000000000000000000000000000000000000000100001001000010000000000000000000000000000000000000000000000000011111000111110000000000000000000000000000000000000000000000000001000010010000100000000000000000000000000000000000000000000000000100001001000010000000000000000000000000000000000000000000000000010000100100001000000000000000000000000000000000000000000000000001111100011111000000000000000000
00000000000000000000000001111100011111000000000000000000000000000000000000000000000000000100001001000010000000000000000000000000000000000000000000000000010000100100001000000000000000000000000000000000000000000000000001111100011111000000000000000000000000000000000000000000000000000100001001000010000000000000000000000000000000000000000000000000010000100100001000000000000000000000000000000000000000000000000001000010010000100000000000000000000000000000000000000000000000000111110001111100000000000000000000000000
00000000000000000111110001111100000000000000000000000000000000000000000000000000010000100100001000000000000000000000000000000000000000000000000001000010010000100000000000000000000000000000000000000000000000000111110001111100000000000000000000000000000000000000000000000000010000100100001000000000000000000000000000000000000000000000000001000010010000100000000000000000000000000000000000000000000000000100001001000010000000000000000000000000000000000000000000000000011111000111110000000000000000000000000000000000
00000000011111000111110000000000000000000000000000000000000000000000000001000010010000100000000000000000000000000000000000000000000000000100001001000010000000000000000000000000000000000000000000000000011111000111110000000000000000000000000000000000000000000000000001000010010000100000000000000000000000000000000000000000000000000100001001000010000000000000000000000000000000000000000000000000010000100100001000000000000000000000000000000000000000000000000001111100011111000000000000000000000000000000000000000000
01111100011111000000000000000000000000000000000000000000000000000100001001000010000000000000000000000000000000000000000000000000010000100100001000000000000000000000000000000000000000000000000001111100011111000000000000000000000000000000000000000000000000000100001001000010000000000000000000000000000000000000000000000000010000100100001000000000000000000000000000000000000000000000000001000010010000100000000000000000000000000000000000000000000000000111110001111100000000000000000000000000000000000000000000000000
01111100000000000000000000000000000000000000000000000000000000000100001000000000000000000000000000000000000000000000000000000000010000100000000000000000000000000000000000000000000000000000000001111100000000000000000000000000000000000000000000000000000000000100001000000000000000000000000000000000000000000000000000000000010000100000000000000000000000000000000000000000000000000000000001000010000000000000000000000000000000000000000000000000000000000111110000000000000000000000000000000000000000000000000000000000
00000000000000000000000000000000000000000000000000000000000000000000000000000000000000000000000000000000000000000000000000000000000000000000000000000000000000000000000000000000000000000000000000000000000000000000000000000000000000000000000000000000000000000000000000000000000000000000000000000000000000000000000000000000000000000000000000000000000000000000000000000000000000000000000000000000000000000000000000000000000000000000000000000000000000000000000000000000000000000000000000000000000000000000000000000000
00000000000000000000000000000000000000000000000000000000000000000000000000000000000000000000000000000000000000000000000000000000000000000000000000000000000000000000000000000000000000000000000000000000000000000000000000000000000000000000000000000000000000000000000000000000000000000000000000000000000000000000000000000000000000000000000000000000000000000000000000000000000000000000000000000000000000000000000000000000000000000000000000000000000000000000000000000000000000000000000000000000000000000000000000000000
