00000000000000000000000000000000000000000000000000000000011111100000000000000000000000000000000000000000000000000000000001000000000000000000000000000000000000000000000000000000000000000100000000000000000000000000000000000000000000000000000000000000010000000000000000000000000000000000000000000000000000000000000001000000000000000000000000000000000000000000000000000000000000000100000000000000000000000000000000000000000000000000000000000000010000000000000000000000000000000000000000000000000000000000000001000000
00000000000000000000000000000000000000000000000001111110011111100000000000000000000000000000000000000000000000000100000001000000000000000000000000000000000000000000000000000000010000000100000000000000000000000000000000000000000000000000000001000000010000000000000000000000000000000000000000000000000000000100000001000000000000000000000000000000000000000000000000000000010000000100000000000000000000000000000000000000000000000000000001000000010000000000000000000000000000000000000000000000000000000100000001000000
00000000000000000000000000000000000000000111111001111110000000000000000000000000000000000000000000000000010000000100000000000000000000000000000000000000000000000000000001000000010000000000000000000000000000000000000000000000000000000100000001000000000000000000000000000000000000000000000000000000010000000100000000000000000000000000000000000000000000000000000001000000010000000000000000000000000000000000000000000000000000000100000001000000000000000000000000000000000000000000000000000000010000000100000000000000
00000000000000000000000000000000011111100111111000000000000000000000000000000000000000000000000001000000010000000000000000000000000000000000000000000000000000000100000001000000000000000000000000000000000000000000000000000000010000000100000000000000000000000000000000000000000000000000000001000000010000000000000000000000000000000000000000000000000000000100000001000000000000000000000000000000000000000000000000000000010000000100000000000000000000000000000000000000000000000000000001000000010000000000000000000000
00000000000000000000000001111110011111100000000000000000000000000000000000000000000000000100000001000000000000000000000000000000000000000000000000000000010000000100000000000000000000000000000000000000000000000000000001000000010000000000000000000000000000000000000000000000000000000100000001000000000000000000000000000000000000000000000000000000010000000100000000000000000000000000000000000000000000000000000001000000010000000000000000000000000000000000000000000000000000000100000001000000000000000000000000000000
00000000000000000111111001111110000000000000000000000000000000000000000000000000010000000100000000000000000000000000000000000000000000000000000001000000010000000000000000000000000000000000000000000000000000000100000001000000000000000000000000000000000000000000000000000000010000000100000000000000000000000000000000000000000000000000000001000000010000000000000000000000000000000000000000000000000000000100000001000000000000000000000000000000000000000000000000000000010000000100000000000000000000000000000000000000
00000000011111100111111000000000000000000000000000000000000000000000000001000000010000000000000000000000000000000000000000000000000000000100000001000000000000000000000000000000000000000000000000000000010000000100000000000000000000000000000000000000000000000000000001000000010000000000000000000000000000000000000000000000000000000100000001000000000000000000000000000000000000000000000000000000010000000100000000000000000000000000000000000000000000000000000001000000010000000000000000000000000000000000000000000000
01111110011111100000000000000000000000000000000000000000000000000100000001000000000000000000000000000000000000000000000000000000010000000100000000000000000000000000000000000000000000000000000001000000010000000000000000000000000000000000000000000000000000000100000001000000000000000000000000000000000000000000000000000000010000000100000000000000000000000000000000000000000000000000000001000000010000000000000000000000000000000000000000000000000000000100000001000000000000000000000000000000000000000000000000000000
01111110000000000000000000000000000000000000000000000000000000000100000000000000000000000000000000000000000000000000000000000000010000000000000000000000000000000000000000000000000000000000000001000000000000000000000000000000000000000000000000000000000000000100000000000000000000000000000000000000000000000000000000000000010000000000000000000000000000000000000000000000000000000000000001000000000000000000000000000000000000000000000000000000000000000100000000000000000000000000000000000000000000000000000000000000
00000000000000000000000000000000000000000000000000000000000000000000000000000000000000000000000000000000000000000000000000000000000000000000000000000000000000000000000000000000000000000000000000000000000000000000000000000000000000000000000000000000000000000000000000000000000000000000000000000000000000000000000000000000000000000000000000000000000000000000000000000000000000000000000000000000000000000000000000000000000000000000000000000000000000000000000000000000000000000000000000000000000000000000000000000000
00000000000000000000000000000000000000000000000000000000000000000000000000000000000000000000000000000000000000000000000000000000000000000000000000000000000000000000000000000000000000000000000000000000000000000000000000000000000000000000000000000000000000000000000000000000000000000000000000000000000000000000000000000000000000000000000000000000000000000000000000000000000000000000000000000000000000000000000000000000000000000000000000000000000000000000000000000000000000000000000000000000000000000000000000000000
