00000000000000000000000000000000000000000000000000000000010000100000000000000000000000000000000000000000000000000000000001000010000000000000000000000000000000000000000000000000000000000100001000000000000000000000000000000000000000000000000000000000010001100000000000000000000000000000000000000000000000000000000001001010000000000000000000000000000000000000000000000000000000000101001000000000000000000000000000000000000000000000000000000000011000100000000000000000000000000000000000000000000000000000000001000010
00000000000000000000000000000000000000000000000001000010010000100000000000000000000000000000000000000000000000000100001001000010000000000000000000000000000000000000000000000000010000100100001000000000000000000000000000000000000000000000000001000110010001100000000000000000000000000000000000000000000000000100101001001010000000000000000000000000000000000000000000000000010100100101001000000000000000000000000000000000000000000000000001100010011000100000000000000000000000000000000000000000000000000100001001000010
00000000000000000000000000000000000000000100001001000010000000000000000000000000000000000000000000000000010000100100001000000000000000000000000000000000000000000000000001000010010000100000000000000000000000000000000000000000000000000100011001000110000000000000000000000000000000000000000000000000010010100100101000000000000000000000000000000000000000000000000001010010010100100000000000000000000000000000000000000000000000000110001001100010000000000000000000000000000000000000000000000000010000100100001000000000
00000000000000000000000000000000010000100100001000000000000000000000000000000000000000000000000001000010010000100000000000000000000000000000000000000000000000000100001001000010000000000000000000000000000000000000000000000000010001100100011000000000000000000000000000000000000000000000000001001010010010100000000000000000000000000000000000000000000000000101001001010010000000000000000000000000000000000000000000000000011000100110001000000000000000000000000000000000000000000000000001000010010000100000000000000000
00000000000000000000000001000010010000100000000000000000000000000000000000000000000000000100001001000010000000000000000000000000000000000000000000000000010000100100001000000000000000000000000000000000000000000000000001000110010001100000000000000000000000000000000000000000000000000100101001001010000000000000000000000000000000000000000000000000010100100101001000000000000000000000000000000000000000000000000001100010011000100000000000000000000000000000000000000000000000000100001001000010000000000000000000000000
00000000000000000100001001000010000000000000000000000000000000000000000000000000010000100100001000000000000000000000000000000000000000000000000001000010010000100000000000000000000000000000000000000000000000000100011001000110000000000000000000000000000000000000000000000000010010100100101000000000000000000000000000000000000000000000000001010010010100100000000000000000000000000000000000000000000000000110001001100010000000000000000000000000000000000000000000000000010000100100001000000000000000000000000000000000
00000000010000100100001000000000000000000000000000000000000000000000000001000010010000100000000000000000000000000000000000000000000000000100001001000010000000000000000000000000000000000000000000000000010001100100011000000000000000000000000000000000000000000000000001001010010010100000000000000000000000000000000000000000000000000101001001010010000000000000000000000000000000000000000000000000011000100110001000000000000000000000000000000000000000000000000001000010010000100000000000000000000000000000000000000000
01000010010000100000000000000000000000000000000000000000000000000100001001000010000000000000000000000000000000000000000000000000010000100100001000000000000000000000000000000000000000000000000001000110010001100000000000000000000000000000000000000000000000000100101001001010000000000000000000000000000000000000000000000000010100100101001000000000000000000000000000000000000000000000000001100010011000100000000000000000000000000000000000000000000000000100001001000010000000000000000000000000000000000000000000000000
01000010000000000000000000000000000000000000000000000000000000000100001000000000000000000000000000000000000000000000000000000000010000100000000000000000000000000000000000000000000000000000000001000110000000000000000000000000000000000000000000000000000000000100101000000000000000000000000000000000000000000000000000000000010100100000000000000000000000000000000000000000000000000000000001100010000000000000000000000000000000000000000000000000000000000100001000000000000000000000000000000000000000000000000000000000
00000000000000000000000000000000000000000000000000000000000000000000000000000000000000000000000000000000000000000000000000000000000000000000000000000000000000000000000000000000000000000000000000000000000000000000000000000000000000000000000000000000000000000000000000000000000000000000000000000000000000000000000000000000000000000000000000000000000000000000000000000000000000000000000000000000000000000000000000000000000000000000000000000000000000000000000000000000000000000000000000000000000000000000000000000000
00000000000000000000000000000000000000000000000000000000000000000000000000000000000000000000000000000000000000000000000000000000000000000000000000000000000000000000000000000000000000000000000000000000000000000000000000000000000000000000000000000000000000000000000000000000000000000000000000000000000000000000000000000000000000000000000000000000000000000000000000000000000000000000000000000000000000000000000000000000000000000000000000000000000000000000000000000000000000000000000000000000000000000000000000000000
